100023	3.0
100304	3.0
101743	3.0
103600	3.0
103937	3.0
104087	3.5
104142	3.0
104475	3.0
1066	3.0
106793	3.0
108507	3.0
109166	3.0
109793	3.0
11004	3.1527777777777777
110798	3.0
110984	3.0
111107	3.0
111775	3.0
113106	3.0
113549	3.0
113992	3.0
11487	3.6375
11521	3.0
115332	3.0
115560	3.0
115796	3.0
115895	3.0
116388	2.2125
116416	3.0
117171	3.0
117177	3.0
117667	3.0
117672	3.0
11768	4.225
118104	3.0
118564	3.0
119207	3.0
119482	3.0
119651	3.0
119952	3.0
120494	3.0
120617	3.0
120824	3.0
121071	3.0
121238	3.0
121362	3.0
121571	3.0
121628	3.0
122201	3.0
12248	3.0
122720	3.0
122749	3.0
123051	3.0
124679	3.0
12481	3.0
126066	3.0
126403	3.0
126406	3.0
126465	3.0
127229	3.0
127297	3.0
128496	3.0
129218	3.0
12938	3.0
129658	3.0
130646	3.0
130729	3.0
131173	3.0
131363	3.0
13158	3.0
131773	3.0
132271	3.0
133311	3.0
133869	3.0
134406	3.0
135393	3.0
135550	3.0
135857	3.0
136038	3.0
137113	3.0
137501	3.0
13797	3.0
139893	3.0
139976	3.0
140747	3.0
15334	1.9583333333333333
15634	3.0
1704	3.0
17817	3.0
18886	3.0
19675	3.0
19731	2.7875
19880	4.0625
19884	3.725
21100	3.0
21349	3.4375
21556	3.0
22150	4.025
22312	2.609375
22431	2.9125
22916	4.15
24996	4.075
25298	2.6375
25579	3.6052631578947367
25791	3.625
26540	3.0
27090	3.2
27281	3.725
27317	3.3625
28427	3.0
30299	3.0
30434	3.0
3105	3.0
31233	3.0
3197	3.125
32027	3.0
33286	3.0
33705	3.0
34026	3.0
34066	2.5
34719	3.925
34820	3.0
3483	3.925
35114	3.0
35158	3.0
35203	3.0
35245	3.0
36029	3.0
37331	3.0
37850	3.0
39217	3.0
39341	3.0
40209	3.0
40629	3.2875
4099	2.1375
42414	2.4583333333333335
42707	4.131578947368421
42951	3.0
43044	4.075
43752	3.0
44497	3.0
44985	3.0
4610	3.7125
47877	3.0
48090	3.0
48443	3.0
50355	3.0
50393	3.0
52135	3.0
52323	3.0
52357	3.0
52622	3.0
52838	3.8947368421052633
536	3.0
54602	4.5625
5541	3.0
55688	3.0
5604	3.776315789473684
56417	3.0
56431	3.0
57724	3.0
58600	3.0
59351	3.0
59561	3.4
59565	3.0
59854	3.0
60833	3.0
62143	3.0
62724	3.0
63045	3.0
63146	3.0
6399	3.55
65704	3.0
65758	3.0
6656	3.0
66605	3.0
67308	3.0
70066	3.0
70568	3.0
71075	3.0
72684	3.0
72867	3.0
7374	4.041666666666667
74339	3.0
74516	3.0
75071	3.0
75125	3.0
76770	3.0
7771	3.6052631578947367
78247	3.0
78545	3.0
78858	3.0
78979	2.960526315789474
80964	3.0
81854	3.0
82098	3.0
83625	3.0
84276	3.0
85742	3.0
86598	3.0
86606	3.0
87500	3.0
87571	3.0
88226	3.0
88345	3.0
88914	3.0
89319	3.0
9027	4.5
90815	3.0
9122	3.8970588235294117
91899	3.0
92100	3.0
9253	4.026315789473684
93035	3.0
94220	3.0
94984	3.0
95962	3.0
96284	3.0
97184	3.0
97501	3.0
99723	3.0
104251	3.3875
104381	3.75
10759	2.75
10881	2.1
11244	3.15
11622	3.425
11726	3.6375
11826	3.03125
118859	3.5416666666666665
120046	2.9642857142857144
12202	1.725
12255	3.6
12321	2.775
12510	4.25
129278	4.0625
13155	3.6447368421052633
13878	3.7125
13996	2.0125
15884	3.225
16096	3.026315789473684
17122	2.7125
17853	3.6184210526315788
1795	3.9625
18012	2.90625
18016	3.825
18083	4.0
18516	2.775
18569	3.2875
18970	2.4625
19470	3.175
19598	2.263888888888889
19748	2.5875
20383	3.825
20707	2.8333333333333335
21183	3.2625
21770	3.7625
2196	2.3625
22135	4.1375
22984	1.75
23150	3.125
23462	4.2875
23984	3.925
24015	4.223684210526316
24526	3.4125
26421	2.6315789473684212
26804	2.710526315789474
27675	3.5921052631578947
28364	3.9125
3309	3.9473684210526314
34682	3.7125
3858	3.1911764705882355
39993	3.0657894736842106
40463	2.9305555555555554
40534	1.625
41585	4.065789473684211
42260	2.9125
43549	2.975
4426	2.3472222222222223
47087	3.4166666666666665
50188	2.625
6214	3.263157894736842
6225	3.5875
63511	2.75
63731	3.433333333333333
64344	3.4318181818181817
6492	3.825
65623	3.25
67406	3.0
68411	3.25
68689	3.5
7523	3.55
7814	2.7625
7880	2.15
79026	3.0
83045	3.5
83281	4.166666666666667
84441	3.4342105263157894
8946	3.825
9952	3.175